0.000000000000000E+000   
5.837720729812636E-002   
0.116754414596253        
0.174975968050079        
0.233122962494132        
0.291354006426167        
0.349767825205053        
0.408203901539801        
0.466845948929702        
0.525793510281093        
0.584843953884266        
0.644199152482963        
0.703597882742510        
0.763021030463095        
0.822541770896877        
0.882400746404844        
0.942403029843701        
 1.00270076284356        
 1.06346876219503        
 1.12467871954246        
 1.18593634734962        
 1.24739506159786        
 1.30917269599323        
 1.37142317967316        
 1.43421934610192        
 1.49732577077369        
 1.56091551607000        
 1.62539154186251        
 1.69020586174410        
 1.75541647962711        
 1.82094577846685        
 1.88756603144988        
 1.95449998332488        
 2.02169682990423        
 2.08935400433246        
 2.15775049812555        
 2.22678421895047        
 2.29630590898043        
 2.36597739702618        
 2.43594365596859        
 2.50671164300377        
 2.57789806516541        
 2.64919923714963        
 2.71967645441955        
 2.78955818799481        
 2.85932031667280        
 2.92851724565374        
 2.99738441092284        
 3.06579440238921        
 3.13402482771730        
 3.20249060358369        
 3.27051663222997        
 3.33836630043852        
 3.40654521393425        
 3.47515803631812        
 3.54366433944267        
 3.61221191283600        
 3.68113395062486        
 3.75065135076639        
 3.82061867499893        
 3.89035464126217        
 3.96064817144985        
 4.03074287000324        
 4.10066994161593        
 4.17049149164486        
 4.24019432858616        
 4.30985887210144        
 4.37947426143241        
 4.44907320393280        
 4.51873084199030        
 4.58839614240373        
 4.65798124327997        
 4.72767088045583        
 4.79740131170787        
 4.86709846421483        
 4.93698124016860        
 5.00688862455517        
 5.07691523337939        
 5.14715045000223        
 5.21766474643432        
 5.28835700740564        
 5.35927510775220        
 5.43039154986961        
 5.50178195205828        
 5.57332643008465        
 5.64505491804249        
 5.71694618268778        
 5.78920006555389        
 5.86161438110080        
 5.93401168536432        
 6.00640443062679        
 6.07871170296273        
 6.15111665362719        
 6.22358832207599        
 6.29606218919066        
 6.36851840398789        
 6.43986461462157        
 6.51030838739810        
 6.57948937853855        
 6.64824126674797        
 6.71693389616643        
 6.78561950737087        
 6.85407046456543        
 6.92261597988319        
 6.99076719363229        
 7.05934789647884        
 7.12881449182121        
 7.19887044443183        
 7.26898314120237        
 7.33931696746118        
 7.40919845934624        
 7.47896857987694        
 7.54870042898343        
 7.61846561008122        
 7.68850514338738        
 7.75878292980394        
 7.82929680546396        
 7.89997534737589        
 7.97116017829444        
 8.04263899426353        
 8.11435595245072        
 8.18629628895446        
 8.25822883133713        
 8.33022652121333        
 8.40236412280744        
 8.47501588990900        
 8.54790463865860        
 8.61950265196947        
 8.69116950322605        
 8.76250770519875        
 8.83336640583383        
 8.90409491313794        
 8.97509314956516        
 9.04654372880676        
 9.11879049226772        
 9.19119286020506        
 9.26400633700178        
 9.33745202949551        
 9.41111551443461        
 9.48524517432790        
 9.55987607879195        
 9.63482726908408        
 9.71022545799159        
 9.78576878960016        
 9.86142140771607        
 9.93718371183703        
 10.0130507398103        
 10.0890463579208        
 10.1650729149957        
 10.2410972095215        
 10.3170538451973        
 10.3929463881078        
 10.4684257109986        
 10.5429916524436        
 10.6171611036292        
 10.6909732789100        
 10.7644665700428        
 10.8374331213120        
 10.9101896810987        
 10.9827697287969        
 11.0552048220780        
 11.1274366122777        
 11.1996059451249        
 11.2716639082927        
 11.3434724875230        
 11.4151917625157        
 11.4868391675180        
 11.5584351685666        
 11.6299816183829        
 11.7015263408855        
 11.7730826678511        
 11.8446627060807        
 11.9163229878334        
 11.9880386593157        
 12.0597401775366        
 12.1312189135981        
 12.2023425714193        
 12.2733350570541        
 12.3442288802576        
 12.4150581283261        
 12.4858699330952        
 12.5567354138991        
 12.6277019445819        
 12.6988223138977        
 12.7702033719968        
 12.8414806422720        
 12.9127043830104        
 12.9838861474570        
 13.0551209653295        
 13.1264628326661        
 13.1978237691990        
 13.2694133827081        
 13.3410352851050        
 13.4127662555862        
 13.4846962498585        
 13.5573057188721        
 13.6300640878964        
 13.7030720295490        
 13.7763516316162        
 13.8502541085645        
 13.9246231291436        
 13.9994268933596        
 14.0731152037238        
 14.1468711203522        
 14.2191138827600        
 14.2905706066712        
 14.3610488310490        
 14.4312298157774        
 14.5004069328258        
 14.5693995999650        
 14.6379028131054        
 14.7065934665188        
 14.7753596232645        
 14.8440433763972        
 14.9126532130775        
 14.9816595430044        
 15.0505618548095        
 15.1203692560463        
 15.1908734878390        
 15.2623428231872        
 15.3336460883333        
 15.4049823618773        
 15.4763425986958        
 15.5479456697777        
 15.6193739358247        
 15.6913494836825        
 15.7638417576424        
 15.8366948086458        
 15.9095598746412        
 15.9833706751981        
 16.0572556182807        
 16.1316809410564        
 16.2060991675112        
 16.2811351015902        
 16.3559620222902        
 16.4309279673070        
 16.5058629965532        
 16.5812888943264        
 16.6569564701489        
 16.7331386813242        
 16.8093691114719        
 16.8857681773357        
 16.9620837758811        
 17.0387525923165        
 17.1155535684331        
 17.1923836334755        
 17.2693439968290        
 17.3465087994443        
 17.4236577500806        
 17.5007574139920        
 17.5778250958049        
 17.6547876145920        
 17.7316320768954        
 17.8083813586582        
 17.8850598223168        
 17.9615761629079        
 18.0380179407097        
 18.1144103380986        
 18.1907797122322        
 18.2670957122848        
 18.3427683971478        
 18.4181245764330        
 18.4924226504628        
 18.5669479801489        
 18.6409467491693        
 18.7152288965482        
 18.7892280823892        
 18.8635722614197        
 18.9379176391551        
 19.0127864512245        
 19.0879643135645        
 19.1638440340315        
 19.2397909024940        
 19.3156235187379        
 19.3921984697075        
 19.4690035225039        
 19.5459277658635        
 19.6229894425885        
 19.6998737414814        
 19.7767716568880        
 19.8528685381140        
 19.9281707420178        
 20.0027880018192        
 20.0771776386009        
 20.1505045208792        
 20.2230598887766        
 20.2947510663328        
 20.3663971210995        
 20.4376344365899        
 20.5081928044754        
 20.5782087770862        
 20.6482529088964        
 20.7183522573733        
 20.7890040439346        
 20.8598890389977        
 20.9298683288905        
 20.9992194249318        
 21.0687133488264        
 21.1384376708363        
 21.2090515820013        
 21.2795055839441        
 21.3497157712333        
 21.4198390995802        
 21.4904413510225        
 21.5614996075795        
 21.6327722700367        
 21.7043454086709        
 21.7766295019700        
 21.8489548442175        
 21.9218553219386        
 21.9954101174357        
 22.0692122218039        
 22.1420413855689        
 22.2150045014019        
 22.2873653545455        
 22.3601395398247        
 22.4326079766463        
 22.5056770486703        
 22.5784217594902        
 22.6516807002762        
 22.7247791713823        
 22.7985347934553        
 22.8722061526539        
 22.9455084573268        
 23.0179536997838        
 23.0901792951242        
 23.1621659651673        
 23.2344243948344        
 23.3069253402431        
 23.3796566911340        
 23.4523105193406        
 23.5247695206878        
 23.5965827640016        
 23.6683397841989        
 23.7399805461533        
 23.8117895678256        
 23.8838821128766        
 23.9559719183959        
 24.0277592621461        
 24.0994525302018        
 24.1709400259283        
 24.2422663548969        
 24.3133958102936        
 24.3844333897772        
 24.4553941224885        
 24.5261567601251        
 24.5966995746423        
 24.6670108838013        
 24.7371338783026        
 24.8070028263685        
 24.8768028134499        
 24.9465037097018        
 25.0160630612301        
 25.0854528254629        
 25.1548116554223        
 25.2240985921069        
 25.2932849157910        
 25.3623756647370        
 25.4314686429472        
 25.5005514052181        
 25.5695192543976        
 25.6383358593121        
 25.7071277378702        
 25.7758794461803        
 25.8445405174902        
 25.9131205336229        
 25.9817073380446        
 26.0503306431522        
 26.1189247137196        
 26.1874952795958        
 26.2561070202822        
 26.3247802764851        
 26.3934392700662        
 26.4620501781856        
 26.5305041691025        
 26.5988256613655        
 26.6671101923735        
 26.7355993058361        
 26.8036083219230        
 26.8709629645811        
 26.9378211031689        
 27.0047190762145        
 27.0715063742922        
 27.1384508194006        
 27.2052734914901        
 27.2718728037797        
 27.3382452904052        
 27.4045030230486        
 27.4706071089957        
 27.5367192512616        
 27.6028186205703        
 27.6686570804259        
 27.7343644320708        
 27.8000785740027        
 27.8659358994037        
 27.9314789216969        
 27.9967212155538        
 28.0618206432275        
 28.1269249830645        
 28.1921270264566        
 28.2575715827204        
 28.3233316421298        
 28.3889695237277        
 28.4546099765510        
 28.5203838509375        
 28.5863870520366        
 28.6527296548987        
 28.7193453924446        
 28.7861217504195        
 28.8529842886329        
 28.9199968972460        
 28.9872524941419        
 29.0548057087479        
 29.1227367370244        
 29.1910318325229        
 29.2597144948932        
 29.3285913460013        
 29.3977436259903        
 29.4671938666329        
 29.5370435946266        
 29.6072601019158        
 29.6777244307567        
 29.7484707601884        
 29.8195658765464        
 29.8910301689761        
 29.9626659339385        
 30.0341884946573        
 30.1056065446302        
 30.1768448366927        
 30.2479884078442        
 30.3190338987942        
 30.3894077907316        
 30.4592373100719        
 30.5285836853711        
 30.5976202436025        
 30.6654364465940        
 30.7337078414771        
 30.8011512498829        
 30.8681772375012        
 30.9336810674517        
 31.0004063307143        
 31.0673362109714        
 31.1352808155052        
 31.2027880725329        
 31.2709385517258        
 31.3386482184551        
 31.4073951779832        
 31.4758717973559        
 31.5452339202476        
 31.6142897073471        
 31.6841612035158        
 31.7537432315939        
 31.8239331959510        
 31.8939261792445        
 31.9637004008451        
 32.0334561026111        
 32.1031254470740        
 32.1728606193177        
 32.2425708430347        
 32.3120408747970        
 32.3809744595622        
 32.4499360706631        
 32.5183752033277        
 32.5868271777782        
 32.6556179584360        
 32.7246153715001        
 32.7936304894583        
 32.8623781489567        
 32.9300101779211        
 32.9967054277124        
 33.0625018860049        
 33.1274774123002        
 33.1917027619918        
 33.2552366878310        
 33.3181833737098        
 33.3805506379829        
 33.4424456403270        
 33.5038552655671        
 33.5646170952980        
 33.6244578159304        
 33.6832931503534        
 33.7413148171806        
 33.7984260057193        
 33.8549489094428        
 33.9108150653322        
 33.9663579756578        
 34.0213867630347        
 34.0756315745560        
 34.1291795412516        
 34.1822830985089        
 34.2873168024295        
 34.3396992076421        
 34.3917140576792        
 34.4436141834727        
 34.4954567720439        
 34.5472962317878        
 34.5991407612708        
 34.6510617242770        
 34.7551395067430        
 34.8072512326222        
 34.8594646973515        
 34.9117634981459        
 34.9641828336166        
 35.0167400590650        
 35.0694930267536        
 35.1223362743633        
 35.1751481408118        
 35.2280257520363        
 35.2809518058592        
 35.3340442468739        
 35.4410136454857        
 35.4946444253315        
 35.5487517974240        
 35.6030140085920        
 35.6575040992576        
 35.7122828068707        
 35.7672863317826        
 35.8223582741633        
 35.8775813899055        
 35.9329780661711        
 35.9883299412842        
 36.0437386334601        
 36.0991028686749        
 36.1545400955627        
 36.2099456574352        
 36.2654730643218        
 36.3210012003648        
 36.3767083550297        
 36.4324594337585        
 36.4884388724967        
 36.5445083259888        
 36.6008567980695        
 36.6572529648763        
 36.7139055254053        
 36.7706271726555        
 36.8276647579371        
 36.8848430829332        
 36.9423244910075        
 36.9999779596955        
 37.0579329118997        
 37.1160936250076        
 37.1745738046001        
 37.2333123833167        
 37.2924148992859        
 37.3518600280351        
 37.4117762760911        
 37.4722198999169        
 37.5332095601455        
 37.5943052254394        
 37.6557127664669        
 37.7174149481095        
 37.7795496069563        
 37.8420127561160        
 37.9050252735567        
 37.9686917849026        
 38.0330251851998        
 38.0976402173123        
 38.1627524399869        
 38.2285222665677        
 38.2944966188664        
 38.3603730573455        
 38.4265289031269        
 38.4922744151155        
 38.5580408903115        
 38.6234633263773        
 38.6881311870700        
 38.7522491443399        
 38.8158823252067        
 38.8788825584234        
 38.9411771707831        
 39.0030908656795        
 39.0645413444432        
 39.1259719359414        
 39.1872014622988        
 39.2478243331711        
 39.3079872113297        
 39.3681905676136        
 39.4285489509538        
 39.4894451061316        
 39.5508425422272        
 39.6126590839603        
 39.6739462182983        
 39.7346219617603        
 39.7949990018422        
 39.8557361103398        
 39.9165564094984        
